X,Y,TYPE,SPEED,DirType,Direction
60.6553900,56.8226900,5,60,0,0
60.7278900,56.7914300,5,40,0,0
62.7061800,56.8762200,5,70,2,70
62.8452300,56.8487600,5,70,1,77
63.2297500,56.9596500,5,40,0,0
63.7375300,57.0866800,5,60,0,0
60.1983700,56.8422300,5,90,2,255
60.6144700,56.8978900,5,60,2,359
60.6544500,56.8217100,5,60,0,0
60.6114895,56.8570969,1,60,1,80
60.7480200,56.8925500,5,40,1,240
57.5264800,56.9532400,5,40,2,343
57.6780900,56.8649200,5,90,2,301
57.7192700,56.8531900,5,90,2,299
57.8252600,56.8121400,5,90,2,313
58.2115700,56.7717700,5,90,2,242
58.2256300,56.7751900,5,90,2,256
58.3357800,56.7897400,5,90,2,249
59.0211900,56.8276100,5,90,2,281
59.1505500,56.8270900,5,90,2,284
59.5065600,56.8104100,5,90,2,258
59.5267634,56.8109219,1,50,1,280
59.6962800,56.8520100,5,90,2,234
59.8763300,56.8263400,5,90,2,279
60.8758400,56.7731000,5,50,1,300
61.0072900,56.7403000,5,90,1,305
58.1915500,56.7677800,5,90,2,263
58.2692200,56.7828200,5,90,2,241
59.9765700,56.8259500,5,90,2,278
59.9973000,56.8332500,5,90,2,208
60.1163400,56.8388800,5,90,1,100
60.1264300,56.8382700,5,90,2,274
60.2179400,56.8445000,5,90,2,265
60.4980400,56.8259400,5,60,1,86
60.6507700,56.8048600,5,60,1,217
61.0608700,56.7132600,5,90,2,322
61.1426500,56.6731700,5,90,2,307
61.2064700,56.6480100,5,70,2,299
61.2979800,56.6121400,5,90,2,353
61.3874300,56.5440500,5,90,2,304
60.2730400,56.8383300,5,90,2,289
60.8082500,56.7991600,5,50,1,297
60.8670200,56.7746700,5,70,1,111
60.8957200,56.7689100,5,70,1,114
60.9731700,56.7499500,5,90,2,110
61.0270600,56.7322200,5,70,1,324
61.0796300,56.7337100,5,90,1,79
61.1002500,56.6935000,5,90,2,309
61.1235700,56.7356000,5,40,2,83
61.1810900,56.6562200,5,90,2,301
61.1931300,56.7404400,5,90,2,84
61.2171300,56.7412300,5,90,2,97
61.3029800,56.5966100,5,40,2,342
61.3052500,56.7477400,5,90,2,89
61.3335800,56.7544900,5,40,1,87
61.3469900,56.5653900,5,40,2,147
61.4723400,56.5037400,5,90,2,312
61.4883300,56.4976000,5,90,2,302
62.3570800,56.7588400,5,90,2,88
62.3984800,56.7602800,5,90,2,72
62.5114200,56.7931000,5,90,2,27
62.6162400,56.8571100,5,90,2,59
61.4283700,56.7666400,5,40,2,60
61.6979500,56.7873800,5,90,2,73
61.9462700,56.7739900,5,90,2,86
63.0203100,56.8879600,5,50,1,69
60.1620400,57.2686800,5,60,1,61
60.2550900,57.2114300,5,90,1,13
60.2587100,57.1652700,5,0,1,167
60.2594900,57.2218000,5,90,1,193
60.2705300,57.2405700,5,90,1,25
60.2741100,57.1461700,5,90,1,143
60.2770800,57.1450800,5,90,1,323
60.2906600,57.1344100,5,90,1,141
60.2995000,57.1296600,5,90,1,315
60.3471300,57.1068800,5,90,1,129
60.3598100,57.0979200,5,70,1,147
60.3945800,57.0800800,5,70,1,164
60.4989300,57.0455000,5,90,1,318
60.5500900,59.5400135,1,40,1,192
60.7823800,56.8876300,5,90,1,322
61.3338900,56.7545100,5,40,1,267
60.8685300,56.7745100,5,90,1,290
61.0794700,56.7344100,5,90,1,263
61.1829700,56.7407300,5,90,2,283
61.4222988,56.7647225,1,40,1,52
61.4654300,56.7705500,5,40,1,76
61.5890900,56.7793900,5,90,2,83
61.8844600,56.2730500,5,90,0,180
61.8901300,56.4182100,5,60,1,190
61.8906600,56.4204100,5,60,2,10
61.8937900,56.4262400,5,40,2,285
61.8939300,56.4421000,5,40,0,180
61.8987500,56.3435100,5,90,0,180
61.9005300,56.4157100,5,30,2,110
61.9212500,56.4114300,5,40,2,320
61.9257200,56.4083700,5,40,2,320
61.9292400,56.4060600,5,40,2,320
61.9312800,56.4025900,5,40,2,180
61.9328900,56.3981300,5,40,0,180
61.9331300,56.3929600,5,40,1,285
61.9368100,56.3961900,5,40,1,120
61.9395300,56.3955900,5,40,1,105
61.9523800,56.3931000,5,40,1,105
61.9542700,56.3926200,5,40,1,315
61.9560200,56.3916500,5,40,2,315
59.8510000,58.0012900,5,90,2,171
59.8762500,58.1819600,5,90,2,175
59.9600500,60.1722300,5,40,2,14
59.9694200,60.1910300,5,50,2,3
59.9927900,59.8864000,5,90,2,346
60.1720300,57.5891500,5,90,1,349
60.1951400,57.4572500,5,90,1,340
60.2041200,57.4395600,5,90,2,335
60.2139700,57.4088600,5,90,1,350
60.2340100,57.3732900,5,90,1,328
60.2793600,57.2919500,5,90,1,146
60.3109500,57.1239100,5,90,1,131
60.4003100,57.0837000,5,90,1,329
60.4273500,57.0612100,5,90,2,318
60.4279300,58.9538800,5,90,0,309
60.4656800,59.3237600,5,90,2,345
60.5423900,59.0297200,5,90,2,22
60.5989600,56.9859900,5,90,1,321
60.6701800,56.8339500,5,60,1,351
60.7037100,56.9402500,5,90,2,267
60.8548100,56.7777100,5,50,1,299
61.3839000,56.7563000,5,40,2,93
62.0541000,56.7672300,5,50,2,302
62.5891300,56.8432500,5,70,1,225
62.7028600,56.8756300,5,90,2,70
63.0205700,56.8880100,5,90,1,249
63.1089700,56.9078500,5,70,2,52
63.1650700,56.9307100,5,90,2,75
61.3586300,56.7568000,5,40,2,85
61.5228400,56.7746100,5,90,2,85
60.8960400,56.7688600,5,90,1,294
61.4349140,56.7702640,5,60,1,45
61.4352300,56.7704100,5,40,1,225
61.4657000,56.7706100,5,60,1,256
63.6122900,57.0752900,1,30,1,74
60.0820100,56.8463300,5,90,1,113
60.8505700,56.5891700,5,90,1,164
60.8745700,56.4280000,5,90,2,183
60.8928100,56.5074800,5,90,2,9
60.8184400,56.6266500,5,90,1,321
61.9800000,56.7753800,5,90,2,86
61.7577800,56.7849100,5,90,2,287
61.6040000,56.7804700,5,90,2,83
61.2123600,56.7414700,5,90,2,274
60.7262000,56.8441200,5,50,2,290
60.7033700,56.8448300,5,40,2,94
60.5166000,56.9642300,5,90,1,187
60.2268700,57.3800700,5,90,1,338
60.2609800,57.3350700,5,70,1,207
60.2839200,57.2539500,5,90,1,27
60.2936400,57.2685200,5,90,1,14
60.4037200,57.0709800,5,70,1,121
60.4970800,57.0460600,5,90,1,138
60.5157600,56.9589400,5,90,1,186
60.6055800,56.7457200,5,60,2,23
60.7899200,56.9565600,5,90,2,36
60.7989300,56.9630500,5,90,2,38
60.8013300,56.8008000,5,90,1,113
60.8028100,56.6521700,5,70,2,343
60.8464500,56.5973500,5,90,2,344
60.9325100,56.7578800,5,90,1,112
60.9458600,57.0955400,5,90,2,31
60.9712700,57.1070400,5,90,2,58
61.1088800,57.1833900,5,90,2,12
61.1130700,57.1948500,5,90,2,12
61.2684900,56.6306100,5,40,2,311
61.2938100,56.7468900,5,90,2,73
61.3606200,56.5560100,5,40,2,308
61.3861000,57.3447300,5,90,2,42
61.5715200,56.4801200,5,40,2,291
60.1118300,57.7240100,5,90,1,332
60.1734600,57.5021300,5,90,2,186
60.1782400,57.4904900,5,70,1,340
60.2791300,57.2494800,5,90,1,30
60.2898400,57.2815900,5,90,1,161
60.2969900,57.2841600,5,90,1,0
60.3910100,57.0894300,5,90,1,308
60.5188600,57.0053100,5,90,1,178
60.8162100,56.7624800,5,60,1,180
60.0797300,57.7550400,5,90,0,153
60.2822100,57.3285600,5,90,1,343
60.7781800,56.6795700,5,90,2,153
60.8570100,56.5784100,5,90,1,163
60.8655500,56.3731300,5,70,1,7
60.8674500,56.3097700,5,90,2,188
60.8700900,56.5621700,1,70,1,147
60.8734400,56.2835200,5,90,1,348
60.8828300,56.5521100,1,50,1,327
60.8862300,56.1689200,5,90,1,157
60.8863100,56.4840200,5,90,2,189
60.7668000,56.8945400,5,0,1,127
60.6043200,56.9832900,5,90,1,133
60.3477500,57.1072500,5,90,1,316
60.3276300,57.1166200,5,90,1,311
60.2678400,57.1759000,5,70,1,355
60.2549400,57.1909300,5,70,1,176
60.1313300,57.2669000,5,0,1,164
60.8114900,56.7521400,5,0,1,91
60.8025300,56.7520800,5,0,1,90
60.6400000,56.8199400,5,0,1,169
60.5387208,56.8265638,1,60,1,96
60.8763700,56.5574100,1,50,1,326
60.1875000,57.5566900,5,90,1,345
59.8493300,58.0166300,5,90,2,17
59.8610600,58.2527600,5,90,2,13
59.9388300,60.1360000,5,40,2,5
60.1441200,58.6920600,5,90,2,55
59.8717000,58.2171900,5,90,2,5
60.3191400,57.1200700,5,90,1,131
60.6794404,56.7876540,1,90,1,118
60.6796338,56.7878322,1,90,1,298
59.9879600,56.8263000,5,0,2,65
58.3242600,56.7874200,5,40,2,77
57.7565300,56.8394700,5,90,2,305
58.3426200,56.7904000,5,40,2,85
60.0585900,56.8491900,5,0,2,272
65.4355664,56.9641216,1,30,1,0
66.1610800,61.5165100,5,90,2,75
64.7317200,60.1448700,5,60,0,0
60.7058938,56.8226105,1,60,1,104
60.2694100,57.3447900,5,90,1,332
60.6181653,56.7884283,1,80,1,110
60.6182189,56.7885122,1,80,1,278
60.5566623,56.7979207,1,80,1,304
60.5565281,56.7978118,1,80,1,122
60.5500830,56.8660562,1,60,1,0
60.7059743,56.8227856,1,60,1,290
60.5387583,56.8267226,1,60,1,277
60.6309615,56.9438277,1,80,1,82
65.6336550,57.2187840,5,60,0,0
65.5733000,57.1140000,1,60,1,34
65.5898196,57.1128134,5,60,0,0
65.5944974,57.1288740,5,60,0,0
66.1156955,56.6895525,5,90,2,131
65.5636895,57.2090843,5,60,0,0
65.4017967,57.1661231,5,60,0,0
65.6372809,57.1122918,5,60,1,307
65.6453061,57.1089885,5,60,1,128
65.5396914,57.1153006,5,60,0,0
65.6036407,57.0895792,5,60,2,125
65.6092626,57.1004667,5,60,0,0
65.6627887,57.1728004,1,40,1,280
65.6172824,57.0845282,5,90,0,0
65.4095453,57.1134365,1,40,1,250
65.3575158,57.1868553,5,60,0,133
65.4548800,57.1427244,5,60,0,0
65.6282151,57.2129538,5,80,2,32
65.5356574,57.1144065,5,60,0,0
65.5734000,57.1143500,1,60,1,216
65.4736072,57.1591648,5,60,2,100
65.5146235,57.1386844,5,60,0,0
65.4892981,57.1475089,5,60,2,140
65.5950201,57.1934654,5,60,2,7
65.5533600,57.1906053,5,60,0,0
65.4760695,57.1535962,5,60,0,0
65.3671503,57.1588913,5,60,0,0
65.4788589,57.2146358,5,80,2,37
65.5860186,57.2363224,5,90,2,125
65.5443048,57.2284602,5,60,2,25
65.5364299,57.2183654,5,60,0,0
65.5232334,57.2127650,5,60,0,0
65.5226970,57.0874310,5,60,2,11
65.9571719,57.1852050,5,60,2,70
65.7385397,57.1662799,5,80,0,0
65.6120100,57.1293800,5,60,0,0
65.6040100,57.1337900,5,60,0,0
65.5733000,57.1145000,1,60,1,306
65.8871126,56.8692738,1,40,1,330
65.3281134,57.1030926,5,90,1,76
60.6311251,56.9439171,1,80,1,274
60.7941767,56.7940042,1,90,1,164
60.7943055,56.7939807,1,90,1,354
60.7487490,56.7017694,1,60,1,152
60.7490735,56.7017945,1,60,1,350
60.1146350,57.9345606,1,60,1,196
60.1146037,57.9345207,1,60,1,44
63.6122203,57.0753426,1,30,1,254
59.5265059,56.8106924,1,50,1,18
59.5262269,56.8108277,1,50,1,90
59.5264523,56.8109572,1,50,1,198
61.4224275,56.7647638,1,40,1,172
61.4225348,56.7648345,1,40,1,234
60.8761018,56.5572381,1,50,1,146
65.4352767,56.9641275,1,30,1,192
65.4095989,57.1133023,1,40,1,78
65.6627780,57.1727071,1,40,1,100
65.6625956,57.1726255,1,40,1,330
65.6625313,57.1728878,1,40,1,146
65.5494010,57.1485377,1,60,1,314
65.5492723,57.1486426,1,60,1,226
65.5729000,57.1142000,1,60,1,116
65.8869624,56.8691504,1,40,1,150
59.4680540,58.5633787,1,90,1,332
59.4667129,58.5636310,1,90,1,74
59.4673996,58.5644382,1,90,1,158
60.5497182,56.8660562,1,60,1,178
65.5873622,57.1424796,3,40,1,44
65.5383254,57.1433937,1,60,1,134
65.5620374,57.1417392,3,60,1,224
65.5577000,57.1284000,1,60,1,36
65.5266237,57.1176908,1,50,1,120
65.5976832,57.1485695,1,60,1,42
65.6526580,57.1058300,1,60,1,278
65.6524000,57.1058000,1,60,1,130
65.5375652,57.1545680,1,60,1,48
65.4505566,57.1945574,1,90,1,36
60.6124610,56.8823890,1,60,1,190
60.6334490,56.8038590,1,60,1,310
60.5299565,56.7975735,1,60,1,46
59.9577000,57.8901000,1,40,1,2
59.9576000,57.8901000,1,40,1,178
65.6524000,57.1059000,1,60,1,310
65.5385254,57.1433937,1,60,1,324
65.5971273,57.1484208,1,60,1,235
65.5577000,57.1285000,1,60,1,216
65.5266237,57.1177908,1,50,1,304
60.6130994,56.9081592,1,60,1,172
60.6512294,56.8051804,1,80,1,200
65.5629460,57.1045900,1,60,1,304
65.5628334,57.1045228,1,60,1,124
65.4201590,57.1153590,1,50,1,250
65.4048830,57.1127270,1,50,1,76
65.4367000,56.9679120,1,50,1,206
65.4354270,56.9600700,1,50,1,0
65.8818440,56.8737900,1,50,1,160
65.8919360,56.8643290,1,50,1,330
65.5374788,57.1545680,1,60,1,218
65.3551000,57.1881000,1,70,1,308
65.5625310,57.1418938,3,60,1,44
65.5621769,57.1419200,3,60,1,314
65.5623539,57.1416955,3,60,1,136
65.5236359,57.1289706,1,60,1,16
65.5300073,57.1409600,1,60,1,252
65.5315722,57.1409731,1,60,1,86
65.5447414,57.1457484,3,60,1,142
65.5444463,57.1460313,3,60,1,316
65.5448755,57.1458972,1,60,1,54
65.5442157,57.1458009,3,60,1,224
65.5507437,57.1478184,3,60,1,60
65.5508384,57.1477950,1,60,1,314
65.5700747,57.1685769,1,60,1,9
65.5696549,57.1682639,1,80,1,190
65.5698158,57.1684008,3,60,1,108
65.5734725,57.1810165,1,60,1,8
65.5732901,57.1810602,1,60,1,114
65.5733545,57.1811301,3,60,1,290
65.6030530,57.1779660,3,60,1,280
65.6028027,57.1779368,1,60,1,98
65.6029349,57.1779368,1,60,1,0
65.6263330,57.1758650,1,60,1,278
65.6265960,57.1759003,1,60,1,98
65.6403147,57.1746427,1,60,1,100
63.6219549,57.0768761,1,60,1,254
63.6020660,57.0735405,1,60,1,70
65.5234104,57.1286865,1,60,1,196
65.5232120,57.1288586,1,60,1,268
65.5237538,57.1287828,1,60,1,112
65.4511839,57.1952496,1,90,1,218
65.4511195,57.1946760,1,60,1,328
65.4505455,57.1950283,1,60,1,148
65.6399363,57.1747458,1,60,1,280
65.6402421,57.1747896,1,60,1,10
65.6399524,57.1745798,1,60,1,200
65.5872577,57.1425675,3,40,1,226
65.5871934,57.1426987,3,40,1,314
65.5873114,57.1423575,3,40,1,134
65.3550000,57.1881000,1,70,1,128
60.0303957,57.8584683,1,60,1,352
60.0305146,57.8585949,1,60,1,172
60.0129837,57.9395922,1,60,1,94
60.0128549,57.9395009,1,60,1,298
60.5530952,56.8529715,1,60,1,334
60.5526983,56.8530508,1,60,1,156
60.5526339,56.8528304,1,60,1,64
60.5529129,56.8530185,1,60,1,240
63.7401626,57.3988143,1,60,1,328
60.6332774,56.8037737,1,60,1,160
60.6511570,56.8050980,1,80,1,44
60.5295676,56.7977103,1,60,1,220
60.6131102,56.8822524,1,60,1,16
60.6133274,56.9082002,1,60,1,356
60.5637061,56.8171014,3,60,1,212
60.5637839,56.8169190,3,60,1,304
60.5635746,56.8168690,3,60,1,126
60.5638026,56.8167925,3,60,1,34
60.5215096,56.7930462,3,60,1,46
60.5213486,56.7931492,3,60,1,136
60.5215659,56.7932405,3,60,1,226
60.5217939,56.7931213,3,60,1,316
65.6365000,57.2226000,1,60,1,22
65.6363000,57.2225000,1,60,1,202
65.5596000,57.1300000,1,60,1,216
65.5597800,57.1299520,1,60,1,36
65.5879230,57.1252480,1,60,1,222
65.5881020,57.1251480,1,60,1,38
65.6188980,57.0839050,1,80,1,304
65.6188020,57.0838740,1,80,1,124
65.6938000,57.1701000,1,40,1,98
65.6972000,57.1699000,1,40,1,280
65.5795280,57.1120560,1,60,1,306
65.5895180,57.1082040,1,60,1,306
65.5064000,57.0453000,1,90,1,166
65.5066000,57.0453000,1,90,1,344
65.4296000,57.2412000,1,90,1,312
65.4295000,57.2412000,1,90,1,132
65.5572000,57.1445000,1,60,1,314
65.5655000,57.1402000,1,60,1,314
60.6345000,56.7977000,3,60,1,300
60.6341141,56.7976574,3,60,1,130
60.6346000,56.7975000,3,60,1,70
60.5520846,56.9797907,3,60,1,34
60.5517386,56.9798274,3,60,1,120
60.5523125,56.9797659,3,60,1,300
60.5522267,56.9799212,3,60,1,210
60.6038000,56.9495356,3,60,1,332
60.6036000,56.9495356,3,60,1,150
60.6038000,56.9497000,3,60,1,202
60.5619407,56.9812154,3,60,1,300
60.5619407,56.9813000,3,60,1,208
60.5677128,56.9746407,3,60,1,54
60.5678000,56.9747000,3,60,1,232
60.5677000,56.9747000,3,60,1,128
60.5717844,56.9763364,3,60,1,322
60.5720000,56.9763000,3,60,1,194
60.5719000,56.9764000,3,60,1,52
60.5941513,56.9755499,3,60,1,38
60.5945728,56.9757088,3,60,1,330
60.5946168,56.9760905,3,60,1,198
60.5939862,56.9756892,3,60,1,126
60.5762154,56.9684186,3,60,1,144
60.5766000,56.9686000,3,60,1,246
60.5760000,56.9683000,3,60,1,54
60.5799812,56.9691789,3,60,1,80
60.5802000,56.9691789,3,60,1,268
60.5800000,56.9691000,3,60,1,0
60.5801851,56.9654651,3,60,1,144
60.5803000,56.9654651,3,60,1,320
60.5800000,56.9654000,3,60,1,40
60.5804000,56.9656000,3,60,1,220
61.0590260,56.7335950,1,50,1,90
60.8185552,56.6267180,1,50,1,322
 